2
3
5
7
11
13
17
19
23
29
31
37
41
43
47
53
59
61
67
71
73
79
83
89
97
101
103
107
109
113
127
131
137
139
149
151
157
163
167
12503
173
179
181
191
193
197
199
211
223
227
229
233
239
241
251
257
263
269
271
277
281
283
293
307
311
313
317
331
337
347
349
353
359
367
373
379
383
389
397
401
409
419
421
431
433
439
443
449
457
461
463
467
12511
479
487
491
499
503
509
521
523
541
547
557
563
569
571
577
587
593
599
601
607
613
617
619
631
641
643
647
653
659
661
673
677
37507
683
12517
691
701
709
719
727
733
739
743
751
757
761
769
773
787
797
809
811
821
823
827
829
50021
839
853
12527
857
859
863
877
881
883
887
907
911
919
929
937
941
947
953
967
971
977
62507
983
991
12539
997
1009
1013
1019
1021
1031
1033
1039
1049
1051
1061
1063
1069
1087
1091
1093
1097
75011
1103
12541
1109
1117
1123
1129
1151
1153
1163
1171
1181
1187
1193
1201
1213
87509
1217
1223
12547
1229
1231
1237
1249
1259
1277
1279
1283
1289
1291
1297
1301
1303
1307
50023
1319
1321
12553
1327
1361
1367
1373
1381
1399
1409
1423
1427
1429
1433
1439
37517
1447
12569
1451
1453
1459
1471
1481
1483
1487
1489
1493
1499
1511
1523
1531
1543
12577
1549
62533
1553
1559
1567
1571
1579
1583
1597
1601
1607
1609
1613
12583
1619
1621
1627
1637
1657
1663
1667
1669
50033
1693
1697
1699
37529
75013
1709
12589
1721
1723
1733
1741
1747
1753
1759
1777
1783
12601
1787
1789
1801
1811
87511
1823
1831
1847
12611
1861
1867
1871
1873
1877
37537
25013
1879
1883
62539
12613
1889
1901
1907
50047
1913
1931
1933
12619
1949
1951
1973
1979
1987
1993
25031
12637
1997
1999
2003
2011
37547
2017
2027
12641
75017
2029
2039
2053
2063
2069
2081
25033
12647
2083
2087
2089
2099
50051
2111
2113
12653
62549
2129
2131
2137
37549
2141
87517
2143
12659
25037
2153
2161
2179
2203
2207
2213
12671
2221
2237
2239
2243
2251
12689
25057
2267
2269
2273
37561
2281
2287
50053
12697
2293
2297
75029
2309
2311
2333
62563
2339
25073
12703
2341
2347
2351
2357
2371
12713
2377
2381
2383
37567
2389
2393
25087
2399
12721
2411
2417
2423
2437
50069
87523
2441
12739
2447
2459
2467
2473
25097
2477
12743
2503
2521
37571
2531
2539
62581
2543
12757
2549
2551
75037
2557
2579
25111
2591
12763
2593
2609
2617
50077
2621
2633
12781
2647
37573
2657
2659
25117
2663
12791
2671
2677
2683
2687
2689
12799
2693
2699
87539
2707
62591
25121
2711
2713
12809
2719
37579
2729
50087
2731
2741
75041
2749
12821
2753
2767
25127
2777
2789
12823
2791
2797
2801
2803
2819
12829
37589
2833
2837
25147
2843
2851
12841
2857
62597
50093
2861
2879
2887
2897
12853
2903
25153
2909
2917
2927
12889
37591
87541
2939
2953
75079
2957
2963
12893
2969
2971
25163
2999
3001
50101
12899
3011
3019
3023
3037
62603
37607
3041
12907
3049
25169
3061
3067
3079
12911
3083
3089
3109
3119
12917
3121
25171
3137
3163
37619
3167
50111
12919
75083
3169
3181
3187
87547
12923
3191
25183
3203
3209
62617
3217
12941
3221
3229
3251
37633
3253
12953
3257
25189
3259
3271
50119
3299
12959
3301
3307
3313
3319
12967
25219
3323
3329
3331
37643
3343
12973
75109
3347
3359
3361
62627
3371
25229
12979
3373
87553
3389
50123
3391
3407
12983
3413
3433
37649
3449
25237
13001
3457
3461
3463
3467
13003
3469
3491
3499
25243
3511
13007
50129
3517
62633
37657
3527
75133
3529
13009
3533
3539
3541
25247
3547
13033
3557
3559
3571
87557
3581
13037
3583
37663
3593
25253
3607
50131
13043
3613
3617
3623
62639
3631
13049
3637
3643
25261
3659
13063
3671
37691
75149
3673
3677
3691
13093
3697
3701
25301
3709
50147
13099
3719
3727
3733
3739
13103
37693
3761
62653
25303
3767
87559
3769
13109
3779
3793
3797
13121
3803
3821
25307
3823
37699
75161
3833
13127
3847
3851
3853
13147
3863
25309
3877
3881
13151
3889
62659
3907
3911
37717
3917
13159
3919
25321
50159
3923
3929
13163
3931
87583
3943
3947
13171
3967
25339
3989
37747
4001
75167
13177
4003
4007
4013
13183
4019
50177
25343
62683
4021
4027
13187
4049
4051
37781
4057
4073
13217
25349
4079
4091
4093
13219
4099
4111
4127
13229
87587
25357
50207
4129
37783
75169
4133
4139
62687
13241
4153
4157
4159
13249
25367
4177
4201
4211
13259
4217
37799
4219
4229
50221
25373
4231
13267
4241
4243
4253
13291
4259
62701
4261
25391
75181
4271
37811
13297
4273
87589
4283
4289
13309
4297
4327
50227
25409
13313
37813
13327
25411
13331
62723
25423
13337
37831
75193
25439
50231
13339
13367
25447
87613
13381
25453
37847
13397
62731
25457
50261
13399
25463
13411
37853
75209
13417
25469
13421
25471
50263
87623
62743
13441
37861
25523
13451
25537
13457
37871
25541
13463
50273
75211
13469
25561
62753
13477
25577
37879
13487
87629
25579
50287
13499
25583
13513
37889
75217
25589
13523
62761
25601
13537
50291
13553
25603
37897
25609
87631
25621
37907
62773
75223
50311
25633
13567
25639
13577
25643
13591
13597
25657
62791
50321
13613
25667
75227
87641
13619
25673
13627
13633
25679
37951
13649
62801
50329
25693
13669
25703
13679
75239
37957
25717
13681
87643
13687
25733
50333
62819
13691
25741
37963
13693
25747
13697
25759
50341
13709
37967
75253
25763
13711
87649
62827
25771
13721
37987
13723
25793
50359
13729
25799
13751
25801
37991
75269
13757
62851
25819
50363
13759
25841
87671
13763
37993
25847
13781
13789
25849
50377
62861
13799
75277
37997
25867
13807
25873
13829
13831
25889
50383
87679
13841
25903
13859
62869
13873
25913
75289
13877
25919
13879
50387
13883
25931
13901
25933
62873
87683
25939
50411
75307
25943
38011
13903
25951
13907
62897
25969
50417
38039
13913
25981
13921
87691
25997
13931
75323
38047
25999
13933
50423
62903
26003
13963
13967
26017
38053
13997
26021
50441
13999
75329
26029
87697
62921
14009
38069
26041
14011
26053
14029
50459
26083
38083
14033
26099
14051
62927
75337
14057
26107
38113
87701
50461
14071
26111
14081
26113
14083
38119
26119
62929
14087
50497
75347
26141
14107
38149
26153
14143
26161
87719
14149
62939
50503
26171
14153
38153
14159
26177
75353
14173
26183
14177
38167
50513
26189
14197
62969
26203
87721
14207
38177
26209
14221
26227
14243
50527
75367
14249
26237
38183
14251
62971
26249
14281
26251
50539
87739
14293
38189
26261
14303
26263
75377
14321
62981
26267
50543
38197
14323
26293
14327
26297
14341
38201
87743
14347
26309
50549
14369
75389
26317
4337
4339
38219
14387
4349
4357
4363
26321
4373
4391
4397
50551
4409
14389
4421
38231
4423
26339
4441
14401
4447
62987
4451
4457
87751
14407
4463
75391
4481
26347
4483
38237
14411
4493
4507
50581
4513
4517
14419
26357
4519
4523
4547
14423
4549
4561
38239
62989
4567
26371
14431
4583
4591
4597
50587
14437
4603
75401
4621
4637
26387
14447
4639
38261
87767
4643
4649
14449
4651
4657
26393
4663
63029
14461
4673
4679
50591
4691
38273
4703
14479
4721
26399
4723
4729
14489
4733
75403
4751
4759
14503
26407
4783
38281
4787
50593
63031
4789
14519
87793
4793
4799
4801
14533
26417
4813
4817
14537
4831
38287
4861
4871
26423
14543
4877
50599
75407
4889
4903
14549
4909
63059
4919
38299
26431
4931
14551
4933
4937
4943
14557
87797
4951
26437
4957
50627
4967
14561
38303
4969
4973
14563
4987
4993
26449
63067
75431
4999
14591
5003
5009
5011
38317
14593
5021
26459
50647
5023
5039
14621
5051
5059
5077
26479
14627
87803
5081
5087
38321
63073
5099
14629
5101
5107
75437
50651
26489
5113
14633
5119
5147
5153
14639
38327
5167
26497
5171
14653
5179
5189
5197
50671
14657
5209
63079
26501
5227
38329
5231
87811
14669
5233
5237
75479
5261
14683
26513
5273
5279
5281
14699
50683
38333
5297
5303
26539
14713
5309
63097
5323
5333
14717
5347
5351
26557
5381
38351
14723
5387
50707
87833
5393
75503
5399
14731
5407
26561
5413
14737
5417
63103
5419
38371
5431
14741
5437
26573
5441
50723
5443
14747
5449
5471
14753
38377
26591
5477
75511
5479
5483
14759
87853
5501
63113
5503
26597
14767
5507
50741
5519
38393
5521
14771
5527
5531
26627
5557
14779
5563
5569
14783
5573
38431
75521
5581
26633
63127
50753
5591
14797
5623
5639
14813
5641
26641
5647
87869
38447
5651
14821
5653
5657
14827
5659
26647
5669
50767
63131
5683
14831
5689
38449
75527
5693
14843
26669
5701
5711
5717
14851
5737
5741
50773
26681
5743
38453
14867
5749
87877
5779
63149
14869
5783
5791
26683
5801
14879
5807
75533
38459
5813
14887
50777
5821
26687
5827
5839
14891
5843
5849
63179
14897
5851
38461
26693
5857
5861
14923
87881
5867
50789
5869
26699
14929
5879
75539
5881
38501
5897
14939
5903
5923
26701
5927
14947
63197
5939
50821
5953
14951
5981
38543
26711
5987
14957
6007
6011
87887
6029
14969
75541
26713
6037
6043
50833
38557
6047
63199
14983
6053
6067
26717
15013
6073
6079
6089
15017
6091
38561
26723
6101
50839
15031
6113
6121
6131
75553
15053
87911
63211
26729
6133
6143
15061
38567
6151
6163
6173
26731
15073
50849
6197
15077
6199
6203
38569
26737
6211
15083
6217
63241
6221
15091
75557
6229
26759
50857
6247
87917
6257
15101
38593
6263
6269
15107
26777
6271
6277
6287
15121
6299
63247
38603
50867
6301
26783
15131
6311
6317
75571
6323
15137
6329
26801
6337
15139
6343
38609
87931
6353
50873
15149
6359
26813
6361
63277
6367
15161
6373
38611
6379
15173
26821
6389
6397
75577
15187
6421
50891
6427
26833
15193
6449
38629
6451
6469
63281
15199
87943
6473
26839
6481
15217
6491
6521
50893
38639
15227
6529
26849
6547
75583
6551
15233
6553
6563
15241
63299
26861
6569
38651
6571
15259
50909
6577
6581
26863
6599
6606
87959
15263
6607
6619
38653
15269
6637
26879
6653
75611
6659
15271
63311
50923
6661
6673
15277
26881
6679
38669
6689
15287
6691
6701
26891
6703
15289
6709
87961
50929
6719
38671
15299
63313
6733
75617
26893
6737
15307
6761
6763
15313
6779
26903
38677
6781
50951
6791
15319
6793
6803
15329
63317
26921
6823
6827
38693
15331
87973
6829
75619
6833
26927
50957
15349
6841
6857
15359
6863
38699
6869
26947
6871
15361
63331
6883
6899
15373
50969
6907
26951
6911
38707
15377
75629
6917
6947
87977
15383
6949
26953
6959
15391
6961
63337
38711
6967
50971
26959
6971
15401
6977
6983
15413
6991
26981
6997
38713
75641
15427
7001
7013
50989
15439
7019
63347
87991
26987
7027
15443
7039
38723
7043
15451
7057
26993
7069
7079
15461
50993
7103
7109
38729
75653
27011
15467
7121
63353
7127
15473
7129
27017
7151
88001
15493
7159
51001
38737
7177
15497
7187
27031
7193
15511
7207
63361
7211
75659
38747
15527
7213
27043
51031
7219
7229
15541
7237
7243
27059
15551
38749
7247
88003
7253
15559
7283
63367
51043
27061
7297
15569
7307
75679
7309
38767
15581
7321
27067
7331
15583
7333
7349
15601
51047
7351
27073
38783
63377
7369
15607
7393
88007
7411
27077
7417
15619
75683
7433
38791
7451
15629
51059
7457
27091
7459
15641
7477
63389
7481
15643
38803
27103
7487
7489
15647
51061
7499
88019
7507
15649
75689
27107
7517
38821
7523
15661
7529
63391
27109
7537
15667
7541
51071
7547
15671
38833
7549
27127
7559
15679
7561
75703
7573
15683
7577
63397
27143
88037
38839
7583
51109
15727
7589
7591
27179
15731
7603
7607
15733
38851
7621
7639
27191
15737
7643
51131
63409
7649
75707
15739
7669
27197
38861
7673
88069
15749
7681
7687
15761
7691
27211
51133
7699
38867
15767
7703
63419
7717
27239
15773
7723
75709
7727
15787
7741
38873
7753
51137
27241
15791
7757
88079
7759
7789
15797
63421
27253
7793
38891
7817
15803
7823
51151
75721
7829
15809
27259
7841
15817
7853
38903
7867
27271
15823
7873
63439
7877
15859
88093
7879
51157
7883
27277
38917
15877
7901
75731
7907
15881
7919
27281
7927
15887
7933
63443
38921
51169
7937
15889
27283
7949
7951
15901
7963
88117
38923
7993
27299
15907
8009
75743
51193
8011
15913
63463
8017
27329
8039
15919
38933
8053
8059
15923
8069
27337
8081
51197
15937
8087
38953
8089
63467
15959
75767
27361
88129
8093
8101
15971
8111
27367
8117
38959
15973
51199
8123
8147
15991
8161
27397
8167
63473
16001
8171
38971
75773
8179
16007
27407
8191
51203
88169
8209
16033
8219
38977
27409
8221
16057
8231
16061
8233
63487
8237
27427
51217
16063
8243
38993
8263
75781
16067
8269
27431
8273
16069
8287
88177
39019
8291
51229
16073
27437
63493
8293
8297
16087
8311
27449
8317
16091
39023
8329
75787
8353
16097
51239
8363
27457
8369
16103
63499
8377
39041
8387
16111
27479
88211
8389
8419
16127
8423
51241
27481
39043
8429
16139
75793
8431
16141
8443
63521
27487
8447
16183
8461
39047
8467
51257
16187
8501
27509
88223
8513
16189
8521
39079
8527
75797
27527
63527
16193
8537
8539
51263
16217
8543
27529
8563
16223
39089
8573
8581
16229
27539
8597
63533
16231
88237
8599
51283
39097
75821
8609
27541
16249
8623
8627
16253
8629
27551
8641
39103
16267
8647
51287
63541
8663
16273
8669
27581
8677
75833
16301
39107
88241
8681
8689
16319
27583
51307
8693
16333
8699
63559
39113
8707
27611
16339
8713
8719
16349
8731
51329
75853
27617
8737
39119
16361
8741
88259
8747
63577
16363
27631
8753
8761
16369
8779
39133
51341
27647
8783
16381
8803
16411
75869
8807
27653
8819
39139
16417
63587
8821
51343
8831
88261
16421
27673
8837
8839
16427
39157
8849
27689
8861
16433
8863
51347
75883
8867
63589
16447
8887
27691
39161
8893
16451
8923
8929
16453
27697
88289
8933
51349
39163
16477
8941
8951
63599
27701
16481
8963
75913
8969
16487
39181
8971
27733
8999
51361
16493
9001
9007
27737
16519
63601
9011
88301
39191
9013
16529
9029
75931
27739
51383
16547
9041
9043
39199
16553
9049
27743
9059
16561
9067
63607
9091
51407
27749
16567
39209
9103
88321
9109
16573
75937
9127
27751
9133
16603
9137
39217
16607
63611
9151
51413
27763
9157
16619
9161
9173
27767
39227
16631
9181
9187
16633
75941
88327
51419
9199
27773
16649
9203
63617
39229
9209
16651
9221
27779
9227
16657
9239
51421
39233
9241
27791
16661
9257
75967
9277
16673
63629
9281
27793
88337
9283
39239
16691
9293
51427
16693
9311
27799
9319
16699
9323
39241
63647
9337
27803
16703
75979
9341
51431
9343
16729
9349
27809
39251
88339
9371
16741
9377
16747
9391
27817
63649
9397
51437
39293
16759
9403
75983
9413
27823
16763
9419
9421
16787
27827
9431
39301
51439
9433
63659
16811
88379
9437
27847
9439
16823
9461
39313
75989
9463
16829
27851
9467
51449
16831
9473
9479
63667
39317
16843
27883
9491
9497
16871
9511
88397
27893
9521
51461
16879
39323
75991
9533
16883
9539
63671
27901
9547
16889
9551
39341
9587
16901
51473
27917
9601
9613
16903
9619
75997
27919
88411
39343
16921
63689
9623
9629
51479
16927
9631
27941
9643
16931
39359
9649
9661
27943
16937
9677
63691
51481
76001
16943
9679
39367
27947
9689
88423
16963
9697
9719
16979
27953
9721
51487
39371
9733
16981
9739
63697
27961
9743
16987
76003
9749
16993
39373
9767
27967
9769
51503
88427
17011
9781
9787
27983
63703
17021
39383
9791
9803
17027
9811
51511
27997
76031
9817
17029
39397
9829
17033
9833
28001
88463
63709
9839
17041
9851
51517
28019
39409
9857
17047
9859
9871
17053
76039
28027
9883
17077
39419
51521
9887
63719
9901
17093
28031
9907
88469
9923
17099
39439
9929
28051
17107
51539
9931
76079
9941
63727
17117
9949
28057
39443
9967
17123
9973
28069
10007
17137
51551
10009
88471
39451
17159
10037
28081
10039
63737
17167
76081
10061
17183
10067
51563
28087
39461
10069
17189
10079
10091
28097
17191
10093
39499
63743
88493
10099
51577
17203
28099
10103
76091
17207
10111
10133
39503
17209
28109
10139
10141
51581
17231
63761
10151
28111
10159
17239
39509
10163
88499
76099
17257
10169
28123
10177
51593
17291
10181
39511
28151
10193
63773
17293
10211
17299
10223
28163
10243
39521
51599
17317
10247
76103
88513
10253
17321
28181
10259
63781
10267
39541
17327
10271
28183
51607
17333
10273
10289
17341
28201
10301
39551
76123
10303
17351
63793
10313
51613
88523
28211
17359
10321
39563
10331
17377
10333
28219
10337
17383
10343
51631
39569
63799
17387
76129
10357
28229
10369
17389
10391
28277
10399
17393
39581
88547
10427
51637
17401
10429
28279
63803
10433
17417
10453
76147
39607
10457
28283
17419
10459
51647
17431
10463
39619
28289
10477
17443
88589
63809
10487
10499
17449
28297
10501
51659
39623
76157
17467
10513
10529
28307
17471
10531
10559
63823
17477
39631
28309
51673
10567
88591
17483
10589
10597
28319
17489
76159
10601
39659
10607
17491
51679
10613
28349
63839
17497
10627
39667
10631
17509
28351
10639
10651
17519
88607
51683
76163
10657
28387
39671
17539
63841
10663
10667
17551
10687
28393
10691
17569
39679
51691
10709
17573
28403
10711
63853
76207
10723
17579
88609
39703
10729
28409
17581
10733
51713
10739
17597
28411
10753
39709
10771
17599
63857
10781
76213
28429
17609
10789
51719
10799
39719
17623
10831
28433
88643
10837
17627
10847
63863
17657
28439
39727
10853
51721
10859
17659
76231
10861
28447
17669
10867
39733
10883
17681
51749
28463
10889
88651
63901
17683
10891
39749
10903
17707
28477
10909
76243
10937
51767
17713
10939
28493
39761
10949
63907
10957
17737
28499
88657
10973
51769
10979
17747
39769
10987
28513
76249
17749
10993
63913
11003
17761
28517
39779
11027
51787
11047
17783
11057
88661
28537
17789
11059
39791
11069
76253
17791
63929
11071
28541
51797
17807
11083
39799
11087
17827
28547
11093
17837
11113
51803
63949
11117
28549
39821
88663
17839
76259
11119
11131
17851
28559
11149
17863
39827
11159
51817
11161
28571
17881
63977
11171
11173
17891
39829
76261
28573
88667
11177
51827
17903
11197
17909
28579
11213
39839
11239
63997
17911
11243
28591
51829
11251
17921
11257
76283
39841
17923
28597
11261
88681
11273
17929
64007
11279
51839
28603
39847
17939
11287
11299
17957
28607
11311
76289
17959
11317
39857
51853
11321
64013
17971
28619
11329
88721
17977
11351
39863
11353
28621
17981
11369
51859
11383
76303
17987
28627
64019
39869
11393
17989
11399
28631
11411
18013
51869
88729
11423
39877
18041
11437
28643
64033
11443
18043
76333
11447
39883
18047
51871
28649
11467
11471
18049
11483
28657
18059
39887
11489
64037
88741
11491
18061
51893
76343
28661
11497
18077
11503
39901
11519
18089
28663
11527
64063
51899
18097
11549
28669
39929
11551
18119
88747
11579
76367
11587
18121
28687
11593
39937
51907
18127
11597
64067
28697
11617
18131
11621
39953
18133
11633
28703
51913
76369
18143
11657
88771
11677
64081
18149
28711
39971
11681
11689
18169
51929
11699
28723
18181
11701
39979
11717
18191
76379
28729
11719
64091
88789
18199
11731
51941
39983
28751
11743
18211
11777
18217
11779
28753
39989
11783
18223
64109
76387
51949
11789
18229
28759
11801
88793
11807
40009
18233
11813
28771
18251
51971
11821
64123
11827
18253
40013
28789
76403
11831
18257
11833
11839
28793
51973
18269
40031
11863
88799
64151
18287
11867
28807
11887
18289
76421
40037
11897
51977
28813
18301
11903
11909
18307
64153
11923
28817
40039
18311
11927
88801
11933
51991
18313
28837
11939
76423
18329
11941
40063
11953
28843
64157
18341
11959
52009
11969
18353
40087
28859
11971
18367
11981
88807
76441
28867
18371
11987
40093
52021
64171
12007
18379
12011
28871
12037
18397
12041
40099
28879
18401
52027
12043
64187
12049
76463
18413
88811
12071
28901
40111
18427
12073
12097
18433
52051
28909
12101
40123
18439
12107
64189
28921
12109
76471
18443
12113
52057
88813
18451
40127
12119
28927
12143
18457
12149
64217
28933
18461
12157
40129
12161
52067
18481
76481
28949
12163
18493
12197
40151
12203
18503
88817
28961
64223
12211
52069
18517
12227
40153
28979
12239
18521
76487
12241
18523
12251
29009
52081
40163
12253
64231
18539
12263
88819
29017
18541
12269
12277
40169
18553
29021
52103
12281
76493
12289
18583
64237
12301
29023
18587
40177
12323
52121
18593
12329
29027
88843
12343
18617
40189
12347
76507
64271
29033
18637
12373
12377
52127
18661
12379
40193
29059
12391
18671
12401
29063
18679
88853
64279
12409
52147
40213
76511
12413
18691
29077
12421
18701
12433
40231
12437
29101
18713
52153
12451
64283
18719
12457
29123
40237
88861
12473
76519
18731
12479
18743
52163
29129
12487
40241
12491
18749
64301
12497
18757
29137
52177
18773
76537
40253
88867
29147
18787
64303
29153
18793
40277
52181
29167
18797
18803
76541
29173
40283
64319
18839
88873
52183
29179
18859
29191
40289
18869
29201
52189
18899
76543
64327
29207
40343
18911
29209
88883
18913
29221
40351
52201
18917
29231
64333
18919
76561
29243
40357
18947
52223
29251
18959
88897
40361
29269
18973
64373
18979
29287
76579
52237
19001
40387
29297
19009
29303
64381
19013
52249
40423
88903
29311
19031
76597
29327
19037
40427
29333
52253
19051
64399
29339
19069
40429
29347
88919
19073
76603
52259
19079
29363
40433
64403
19081
29383
19087
29387
52267
40459
19121
29389
76607
88937
64433
19139
29399
40471
19141
52289
29401
19157
29411
40483
19163
64439
76631
29423
52291
19181
88951
29429
40487
19183
29437
19207
64451
52301
29443
19211
76649
40493
29453
19213
88969
52313
29473
19219
40499
64453
19231
29483
19237
76651
29501
40507
52321
19249
29527
64483
19259
29531
40519
88993
19267
29537
52361
76667
19273
40529
29567
19289
64489
29569
19301
52363
40531
29573
88997
19309
29581
76673
19319
40543
64499
29587
52369
19333
29599
19373
40559
19379
29611
89003
52379
76679
64513
19381
29629
40577
19387
29633
19391
29641
52387
40583
19403
64553
29663
76697
19417
89009
29669
40591
19421
52391
29671
19423
29683
64567
19427
40597
29717
76717
52433
19429
29723
89017
40609
19433
29741
64577
19441
52453
29753
40627
19447
76733
19457
29759
19463
40637
29761
64579
52457
89021
19469
29789
19471
40639
29803
76753
52489
19477
64591
29819
19483
40693
29833
89041
19489
52501
29837
19501
76757
40697
64601
29851
19507
29863
52511
19531
40699
29867
19541
89051
64609
29873
76771
19543
40709
52517
29879
19553
29881
19559
40739
64613
19571
29917
52529
89057
76777
19577
29921
40751
19583
29927
52541
19597
64621
29947
40759
19603
29959
76781
19609
89069
29983
52543
40763
19661
64627
29989
19681
30011
40771
19687
52553
76801
30013
19697
64633
89071
40787
30029
19699
30047
19709
52561
40801
30059
19717
76819
19727
64661
30071
52567
40813
19739
30089
89083
19751
30091
19753
40819
30097
52571
64663
76829
19759
30103
19763
40823
30109
89087
19777
52579
30113
64667
19793
40829
76831
30119
19801
52583
30133
19813
40841
30137
64679
19819
89101
30139
19841
52609
40847
76837
30161
19843
19853
30169
64693
40849
52627
19861
30181
89107
19867
30187
76847
40853
19889
30197
64709
52631
19891
40867
30203
19913
30211
19919
76871
89113
40879
52639
30223
64717
19927
30241
19937
40883
30253
19949
52667
30259
76873
19961
64747
40897
30269
89119
19963
52673
30271
19973
40903
30293
19979
64763
76883
19991
30307
52691
40927
19993
30313
89123
19997
30319
64781
40933
20011
52697
30323
76907
20021
30341
40939
20023
30347
64783
52709
20029
89137
40949
30367
20047
76913
30389
20051
52711
40961
30391
20063
64793
30403
20071
89153
40973
30427
20089
52721
76919
20101
30431
64811
40993
20107
30449
52727
20113
30467
89189
41011
20117
76943
30469
64817
20123
52733
30491
41017
20129
30493
20143
30497
52747
64849
41023
20147
89203
76949
30509
20149
30517
41039
20161
52757
30529
64853
20173
76961
30539
20177
41047
89209
30553
52769
20183
30557
20201
64871
41051
20219
30559
52783
76963
20231
41057
30577
89213
20233
64877
30593
20249
52807
41077
30631
20261
76991
30637
20269
41081
64879
30643
52813
20287
89227
30649
20297
41113
30661
77003
20323
52817
64891
30671
20327
41117
30677
20333
89231
52837
30689
20341
41131
64901
77017
30697
20347
20353
30703
41141
52859
20357
30707
64919
20359
30713
89237
41143
77023
30727
20369
52861
30757
20389
41149
30763
20393
64921
52879
30773
20399
41161
77029
89261
30781
20407
30803
20411
41177
64927
52883
30809
20431
30817
20441
77041
41179
30829
89269
20443
52889
30839
64937
20477
41183
30841
20479
30851
52901
20483
77047
41189
30853
64951
20507
89273
30859
20509
41201
30869
52903
20521
30871
77069
64969
20533
30881
41203
52919
20543
30893
89293
20549
30911
41213
30931
20551
64997
52937
77081
30937
20563
41221
30941
20593
30949
89303
52951
20599
41227
65003
30971
20611
77093
30977
20627
41231
30983
52957
20639
65011
31013
20641
41233
31019
89317
77101
20663
52963
31033
20681
31039
41243
65027
20693
31051
52967
31063
20707
41257
89329
77137
31069
20717
65029
31079
20719
41263
52973
31081
20731
31091
20743
41269
77141
52981
31121
89363
65033
20747
31123
20749
41281
31139
20753
52999
31147
65053
20759
41299
77153
31151
20771
89371
31153
53003
20773
41333
31159
20789
65063
31177
20807
77167
41341
31181
53017
20809
31183
89381
20849
41351
31189
65071
53047
20857
31193
77171
41357
20873
31219
31223
20879
65089
53051
31231
41381
20887
89387
31237
20897
77191
31247
41387
20899
53069
65099
31249
20903
31253
41389
20921
89393
31259
53077
20929
77201
31267
65101
41399
20939
31271
20947
53087
31277
41411
20959
31307
89399
65111
77213
20963
31319
41413
53089
20981
31321
20983
31327
41443
65119
31333
21001
53093
77237
89413
31337
21011
41453
31357
21013
31379
53101
65123
21017
41467
31387
21019
77239
31391
21023
89417
53113
31393
41479
21031
65129
31397
21059
31469
41491
77243
53117
21061
31477
21067
65141
89431
31481
41507
21089
31489
53129
21101
31511
77249
41513
21107
31513
65147
53147
31517
21121
89443
41519
31531
21139
31541
21143
77261
65167
53149
41521
31543
21149
31547
21157
41539
31567
89449
53161
21163
65171
31573
77263
21169
41543
31583
21179
31601
53171
21187
31607
41549
65173
89459
21191
31627
77267
21193
53173
31643
41579
21211
31649
65179
31657
21221
41593
53189
31663
21227
89477
77269
31667
21247
41597
31687
65183
21269
53197
31699
21277
41603
31721
21283
77279
89491
31723
53201
65203
21313
41609
31727
21317
31729
21319
41611
53231
31741
77291
65213
21323
31751
89501
21341
41617
31769
53233
21347
31771
65239
21377
41621
77317
31793
21379
31799
53239
41627
89513
21383
31817
65257
31847
21391
77323
53267
41641
31849
21397
31859
21401
41647
31873
21407
65267
89519
53269
31883
21419
77339
31891
41651
21433
31907
53279
21467
65269
31957
41659
21481
89521
31963
77347
21487
53281
31973
41669
21491
65287
31981
21493
31991
53299
41681
21499
89527
32003
77351
21503
65293
32009
41687
53309
21517
32027
32029
21521
41719
32051
77359
21523
65309
89533
53323
32057
21529
41729
32059
21557
53327
32063
65323
21559
41737
77369
32069
21563
89561
32077
21569
53353
41759
32083
21577
65327
32089
21587
41761
77377
32099
53359
21589
32117
89563
21599
41771
32119
65353
21601
53377
32141
77383
21611
32143
41777
21613
32159
65357
53381
89567
32173
41801
21617
32183
21647
77417
32189
41809
21649
53401
65371
32191
21661
32203
41813
89591
21673
32213
53407
77419
21683
65381
32233
41843
21701
32237
21713
53411
32251
41849
21727
89597
32257
65393
77431
21737
32261
41851
53419
21739
32297
21751
32299
65407
41863
32303
21757
77447
53437
89599
32309
21767
41879
32321
21773
65413
53441
32323
21787
41887
77471
32327
21799
89603
32341
53453
21803
65419
41893
32353
21817
32359
21821
77477
53479
41897
32363
89611
21839
65423
32369
21841
32371
41903
53503
21851
32377
77479
32381
21859
41911
65437
53507
32401
21863
89627
32411
41927
21871
32413
21881
77489
65447
53527
32423
41941
21893
32429
89633
21911
32441
53549
41947
21929
65449
32443
77491
21937
32467
41953
21943
53551
32479
89653
21961
65479
32491
41957
21977
32497
77509
53569
21991
32503
41959
21997
32507
65497
53591
32531
89657
22003
41969
77513
32533
22013
32537
65519
22027
53593
41981
32561
22031
32563
89659
22037
77521
41983
32569
53597
65521
22039
32573
22051
41999
32579
53609
22063
32587
77527
65537
89669
42013
22067
32603
22073
32609
53611
42017
22079
32611
65539
32621
22091
77543
53617
42019
89671
32633
22093
32647
22109
42023
65543
32653
22111
53623
77549
32687
22123
42043
32693
89681
22129
53629
32707
65551
22133
42061
32713
22147
77551
32717
53633
22153
32719
42071
65557
89689
22157
32749
22159
32771
53639
42073
77557
22171
32779
65563
32783
22189
42083
53653
89753
32789
22193
32797
42089
22229
77563
65579
32801
53657
22247
32803
42101
22259
32831
89759
22271
53681
65581
77569
32833
42131
22273
32839
22277
32843
53693
42139
22279
32869
89767
65587
22283
77573
32887
42157
22291
32909
53699
22303
32911
42169
65599
32917
22307
53717
77587
89779
32933
22343
42179
32939
22349
65609
32941
53719
22367
42181
32957
22369
77591
32969
89783
22381
53731
42187
32971
65617
22391
32983
42193
22397
32987
53759
77611
22409
32993
65629
89797
42197
32999
22433
53773
33013
22441
42209
33023
77617
22447
65633
33029
22453
53777
89809
42221
33037
22469
33049
65647
22481
77621
42223
33053
53783
22483
33071
22501
42227
33073
89819
65651
22511
53791
33083
77641
22531
42239
33091
22541
33107
53813
65657
22543
42257
33113
89821
22549
33119
77647
42281
22567
53819
33149
65677
22571
33151
42283
22573
53831
33161
77659
89833
22613
33179
65687
42293
22619
33181
53849
22621
33191
42299
77681
22637
33199
65699
89839
22639
33203
53857
42307
22643
33211
33223
22651
42323
65701
53861
77687
33247
22669
89849
33287
22679
42331
33289
53881
22691
33301
65707
42337
22697
77689
33311
22699
33317
53887
89867
42349
22709
33329
65713
22717
33331
77699
42359
53891
22721
33343
22727
33347
65717
42373
89891
22739
33349
53897
77711
33353
22741
42379
33359
22751
65719
53899
33377
22769
42391
89897
33391
22777
77713
33403
22783
65729
53917
42397
33409
22787
33413
42403
22807
53923
33427
89899
77719
22811
65731
33457
42407
22817
33461
53927
22853
33469
42409
65761
22859
33479
77723
89909
33487
22861
53939
42433
33493
22871
33503
65777
22877
53951
42437
33521
77731
22901
89917
33529
22907
42443
33533
53959
65789
22921
33547
77743
22937
42451
33563
53987
22943
89923
33569
65809
42457
22961
33577
22963
33581
53993
77747
42461
33587
22973
65827
33589
22993
89939
42463
54001
33599
23003
33601
77761
23011
65831
42467
33613
54011
23017
33617
89959
23021
42473
33619
54013
65837
77773
33623
42487
33629
23027
54037
89963
23029
42491
33637
65839
23039
33641
42499
23041
77783
54049
33647
23053
65843
33679
23057
89977
33703
54059
23059
42509
33713
77797
23063
65851
33721
23071
42533
54083
33739
23081
89983
33749
65867
42557
77801
23087
33751
54091
33757
23099
42569
33767
23117
65881
33769
54101
89989
23131
77813
42571
33773
23143
33791
23159
42577
54121
65899
33797
23167
33809
77839
90001
42589
23173
33811
54133
23189
33827
65921
42611
23197
33829
77849
54139
33851
23201
42641
90007
33857
65927
23203
33863
23209
54151
42643
33871
77863
23227
33889
65929
23251
42649
33893
90011
54163
23269
33911
23279
42667
33923
77867
65951
54167
23291
33931
42677
23293
33937
90017
33941
54181
23297
65957
77893
42683
33961
23311
33967
23321
54193
42689
33997
23327
65963
90019
34019
23333
77899
42697
34031
54217
23339
34033
65981
23357
42701
34039
23369
90023
54251
34057
77929
42703
23371
34061
65983
23399
34123
54269
42709
23417
34127
77933
90031
34129
23431
65993
42719
54277
34141
23447
34147
23459
42727
34157
77951
23473
54287
66029
34159
90053
23497
42737
34171
23509
54293
34183
42743
23531
66037
77969
34211
23537
34213
90059
54311
42751
23539
34217
34231
66041
23549
77977
54319
42767
34253
23557
34259
90067
23561
42773
34261
66047
54323
23563
34267
77983
23567
42787
34273
23581
34283
54331
66067
90071
23593
42793
34297
23599
77999
34301
54347
42797
34303
23603
66071
34313
23609
90073
42821
54361
34319
23623
78007
34327
23627
66083
42829
34337
23629
54367
34351
23633
42839
90089
34361
78017
66089
23663
54371
34367
23669
42841
34369
23671
34381
66103
54377
78031
42853
23677
34403
90107
34421
23687
42859
34429
23689
54401
66107
34439
23719
78041
42863
34457
90121
23741
54403
34469
23743
66109
42899
34471
23747
78049
34483
54409
23753
42901
34487
90127
66137
23761
34499
54413
42923
23767
34501
78059
34511
23773
66161
42929
34513
54419
23789
90149
34519
23801
42937
34537
78079
23813
54421
66169
34543
23819
42943
34549
23827
90163
54437
34583
23831
42953
66173
78101
34589
23833
34591
54443
42961
23857
34603
90173
66179
23869
34607
78121
42967
23873
54449
34613
34631
23879
42979
66191
34649
23887
54469
78137
90187
34651
23893
42989
34667
23899
66221
54493
34673
23909
43003
34679
78139
23911
90191
34687
54497
66239
43013
23917
34693
23929
34703
43019
78157
23957
34721
54499
66271
34729
90197
23971
43037
34739
23977
54503
34747
78163
23981
66293
43049
34757
23993
34759
54517
90199
24001
43051
34763
24007
66301
34781
78167
54521
43063
24019
34807
24023
34819
90203
43067
54539
34841
66337
24029
78173
34843
24043
43093
34847
24049
54541
66343
34849
90217
24061
43103
34871
78179
24071
54547
34877
24077
43117
34883
66347
24083
34897
54559
90227
43133
24091
34913
78191
34919
24097
66359
43151
54563
34939
24103
34949
24107
78193
90239
43159
34961
66361
54577
24109
34963
24113
43177
34981
24121
54581
78203
35023
66373
43189
24133
90247
35027
24137
35051
54583
43201
24151
35053
66377
78229
24169
35059
43207
54601
35069
24179
90263
35081
24181
66383
43223
35083
78233
24197
54617
35089
24203
43237
35099
66403
90271
24223
35107
54623
43261
24229
78241
35111
24239
35117
66413
54629
43271
24247
35129
90281
35141
24251
78259
43283
54631
35149
24281
35153
24317
43291
35159
90289
24329
54647
78277
35171
66449
24337
43313
35201
24359
54667
35221
43319
24371
35227
66457
78283
90313
24373
35251
54673
43321
24379
35257
24391
35267
66463
43331
54679
78301
35279
24407
90353
35281
24413
43391
35291
66467
54709
24419
35311
78307
43397
24421
35317
90359
24439
54713
35323
66491
43399
24443
35327
78311
24469
54721
35339
43403
24473
35353
66499
90371
24481
35363
43411
54727
35381
24499
78317
35393
66509
43427
24509
54751
35401
24517
90373
35407
43441
24527
78341
35419
66523
54767
24533
35423
43451
24547
35437
90379
24551
54773
43457
35447
66529
78347
24571
35449
24593
35461
43481
54779
35491
24611
66533
90397
78367
43487
35507
24623
54787
35509
24631
35521
43499
66541
24659
35527
54799
78401
90401
24671
35531
43517
24677
35533
66553
54829
24683
43541
35537
24691
35543
78427
90403
43543
35569
24697
54833
66569
35573
24709
43573
35591
24733
54851
78437
35593
66571
24749
90407
43577
35597
24763
54869
35603
24767
43579
35617
78439
66587
24781
35671
54877
43591
90437
24793
35677
24799
66593
35729
43597
78467
54881
24809
35731
35747
24821
90439
43607
35753
66601
54907
24841
35759
78479
24847
43609
35771
24851
54917
66617
35797
43613
90469
24859
35801
78487
24877
54919
35803
43627
24889
66629
35809
24907
35831
43633
54941
90473
78497
24917
35837
66643
35839
24919
43649
54949
35851
24923
35863
43651
78509
24943
66653
90481
35869
54959
24953
35879
43661
24967
35897
24971
66683
78511
54973
43669
35899
90499
24977
35911
24979
43691
35923
54979
66697
24989
78517
43711
35951
90511
54983
43717
35963
66701
35969
43721
78539
35977
55001
43753
35983
66713
90523
35993
43759
55009
35999
78541
43777
36007
66721
43781
36011
55021
90527
36013
43783
78553
36017
55049
66733
43787
36037
36061
43789
90529
55051
36067
78569
43793
66739
36073
43801
36083
55057
36097
43853
66749
90533
78571
36107
43867
55061
36109
43889
36131
66751
55073
36137
78577
43891
90547
36151
43913
36161
66763
55079
36187
43933
78583
36191
90583
43943
55103
66791
36209
43951
36217
78593
36229
43961
55109
66797
36241
90599
43963
36251
55117
36263
43969
78607
66809
36269
43973
36277
55127
90617
43987
36293
78623
66821
36299
43991
55147
36307
43997
36313
90619
66841
44017
36319
55163
78643
36341
44021
36343
44027
55171
66851
36353
90631
78649
36373
44029
36383
55201
44041
66853
36389
44053
36433
78653
55207
90641
36451
44059
66863
36457
44071
55213
36467
78691
44087
36469
90647
66877
36473
44089
55217
36479
44101
36493
78697
66883
55219
36497
44111
90659
36523
44119
36527
55229
66889
78707
44123
36529
36541
44129
90677
55243
36551
66919
44131
36559
78713
55249
44159
36563
36571
66923
90679
44171
36583
55259
78721
44179
36587
36599
44189
66931
55291
36607
90697
44201
78737
36629
44203
36637
66943
55313
36643
44207
36653
90703
78779
55331
44221
66947
36671
44249
36677
55333
36683
44257
78781
66949
36691
90709
44263
36697
55337
36709
44267
66959
78787
36713
44269
55339
36721
90731
44273
36739
66973
36749
44279
55343
78791
36761
44281
36767
90749
66977
55351
44293
36779
78797
36781
44351
55373
36787
67003
44357
36791
90787
36793
44371
78803
55381
36809
67021
44381
36821
44383
36833
55399
90793
78809
36847
67033
44389
36857
44417
55411
36871
78823
67043
44449
36877
90803
36887
55439
44453
36899
44483
67049
36901
78839
55441
36913
44491
90821
36919
44497
67057
55457
36923
78853
44501
36929
36931
90823
55469
44507
67061
36943
44519
36947
78857
55487
44531
36973
67073
36979
90833
44533
36997
55501
78877
44537
37003
67079
37013
44543
55511
37019
90841
44549
37021
78887
67103
44563
55529
37039
37049
44579
90847
37057
67121
55541
78889
44587
37061
44617
37087
55547
37097
67129
44621
78893
90863
37117
44623
37123
55579
67139
37139
44633
78901
37159
44641
55589
90887
37171
67141
44647
37181
55603
37189
44651
78919
37199
44657
67153
90901
37201
55609
44683
37217
78929
37223
44687
67157
55619
37243
90907
44699
37253
78941
55621
37273
44701
67169
37277
44711
37307
55631
90911
44729
37309
67181
78977
37313
44741
55633
37321
44753
67187
37337
90917
78979
44771
37339
55639
44773
37357
67189
37361
44777
55661
37363
78989
90931
44789
37369
44797
67211
55663
37379
44809
37397
79031
44819
90947
37409
55667
67213
37423
44839
37441
44843
55673
79039
37447
67217
44851
90971
37463
44867
55681
37483
44879
37489
79043
67219
37493
44887
55691
90977
37501
44893
67231
44909
79063
55697
44917
90989
67247
55711
44927
79087
44939
55717
44953
67261
90997
44959
79103
55721
44963
67271
44971
55733
44983
91009
79111
44987
67273
55763
45007
45013
79133
91019
67289
45053
55787
45061
67307
79139
45077
55793
91033
45083
45119
67339
55799
79147
45121
45127
91079
55807
67343
45131
79151
45137
55813
67349
45139
91081
45161
55817
79153
45179
67369
55819
45181
91097
45191
79159
67391
55823
45197
45233
91099
79181
55829
45247
67399
45259
45263
55837
67409
79187
45281
91121
55843
45289
67411
45293
79193
55849
45307
91127
45317
67421
55871
45319
79201
45329
67427
91129
55889
45337
79229
45341
67429
55897
45343
91139
45361
79231
55901
45377
67433
45389
55903
91141
45403
79241
67447
45413
55921
45427
67453
91151
45433
79259
55927
45439
45481
67477
55931
79273
91153
45491
45497
55933
67481
45503
79279
45523
91159
55949
67489
45533
45541
55967
79283
45553
67493
91163
45557
55987
45569
79301
67499
45587
55997
91183
45589
67511
79309
45599
56003
45613
91193
45631
56009
67523
79319
45641
45659
56039
67531
91199
45667
79333
45673
56041
67537
45677
45691
79337
56053
91229
45697
67547
45707
56081
45737
79349
91237
67559
45751
56087
45757
79357
45763
67567
56093
91243
45767
45779
56099
67577
79367
45817
45821
91249
56101
67579
45823
79379
45827
56113
45833
67589
91253
45841
79393
56123
45853
67601
45863
56131
91283
79397
45869
67607
56149
45887
45893
79399
91291
56167
45943
67619
45949
56171
45953
79411
67631
91297
45959
56179
45971
67651
45979
79423
56197
45989
91303
46021
67679
56207
79427
46027
46049
91309
67699
56209
46051
79433
46061
56237
67709
46073
91331
46091
79451
56239
46093
67723
46099
91367
56249
46103
79481
67733
46133
56263
46141
91369
79493
67741
46147
56267
46153
46171
67751
56269
79531
91373
46181
46183
56299
67757
46187
79537
91381
46199
56311
67759
46219
79549
46229
56333
91387
46237
67763
46261
56359
79559
46271
67777
46273
56369
91393
46279
79561
67783
46301
56377
46307
91397
46309
56383
67789
79579
46327
46337
56393
67801
91411
79589
46349
46351
56401
67807
46381
79601
91423
46399
56417
46411
67819
56431
46439
79609
91433
46441
67829
46447
56437
79613
46451
67843
46457
56443
91453
46471
79621
46477
56453
67853
46489
91457
56467
46499
67867
79627
46507
56473
46511
91459
67883
46523
79631
56477
46549
46559
67891
91463
56479
46567
79633
46573
56489
67901
46589
91493
46591
79657
56501
46601
67927
46619
56503
91499
79669
46633
67931
46639
56509
46643
79687
67933
46649
91513
56519
46663
67939
46679
79691
56527
46681
91529
46687
67943
56531
79693
46691
46703
56533
91541
67957
46723
79697
46727
56543
67961
46747
91571
46751
56569
79699
46757
67967
46769
56591
91573
79757
46771
67979
56597
46807
46811
79769
91577
67987
56599
46817
46819
56611
46829
67993
79777
91583
46831
56629
46853
68023
46861
79801
56633
91591
46867
68041
46877
56659
79811
46889
91621
46901
68053
56663
46919
79813
46933
56671
68059
91631
46957
46993
56681
79817
68071
46997
91639
56687
56697
47017
79823
68087
47041
56701
47051
47057
68099
91673
79829
56711
47059
47087
68111
56713
47093
79841
91691
47111
56731
68113
47119
47123
79843
91703
56737
47129
68141
47137
56747
79847
47143
91711
68147
47147
56767
47149
79861
68161
47161
56773
91733
47189
47207
68171
79867
56779
47221
91753
47237
68207
56783
79873
47251
47269
56807
68209
47279
91757
79889
47287
56809
47293
68213
47297
79901
91771
56813
47303
68219
47309
56821
79903
47317
68227
91781
47339
56827
47351
79907
68239
47353
56843
91801
47363
47381
68261
79939
56857
47387
91807
47389
56873
68279
79943
47407
47417
56891
91811
68281
47419
79967
47431
56893
47441
68311
47459
91813
56897
79973
47491
68329
47497
56909
47501
79979
91823
68351
56911
47507
47513
79987
56921
47521
68371
91837
47527
56923
47533
68389
79997
47543
91841
56929
47563
68399
79999
47569
56941
47581
91867
68437
47591
56951
80021
47599
47609
68443
56957
91873
47623
80039
47629
56963
68447
47639
91909
80051
47653
56983
68449
47657
47659
56989
80071
91921
68473
47681
47699
56993
47701
68477
80077
47711
91939
56999
47713
68483
80107
47717
57037
47737
91943
68489
47741
57041
80111
47743
47777
57047
68491
91951
47779
80141
47791
57059
68501
47797
91957
57073
80147
47807
68507
47809
57077
47819
91961
80149
68521
47837
57089
47843
47857
68531
80153
91967
57097
47869
47881
68539
57107
80167
47903
91969
47911
57119
68543
47917
80173
47933
57131
68567
91997
47939
47947
80177
57139
47951
68581
47963
92003
57143
80191
47969
68597
47977
57149
47981
92009
80207
68611
48017
57163
48023
68633
48029
80209
57173
92033
48049
48073
68639
57179
80221
48079
92041
48091
57191
68659
48109
80231
48119
57193
92051
68669
48121
48131
57203
68683
48157
92077
57221
48163
80239
48179
68687
57223
48187
92083
48193
80251
68699
57241
48197
48221
57251
92107
68711
48239
80263
48247
57259
48259
68713
80273
92111
48271
57269
48281
68729
48299
80279
57271
92119
48311
68737
48313
57283
80287
48337
68743
48341
92143
57287
48353
80309
48371
68749
57301
48383
92153
48397
80317
57329
68767
48407
48409
57331
92173
68771
80329
48413
48437
57347
68777
48449
80341
92177
48463
57349
48473
68791
48479
57367
80347
92179
48481
68813
57373
48487
80363
48491
92189
68819
57383
48497
48523
80369
57389
48527
68821
92203
48533
57397
48539
80387
68863
48541
57413
92219
48563
68879
80407
48571
57427
48589
92221
48593
68881
57457
80429
48611
48619
57467
68891
92227
48623
80447
57487
48647
68897
48649
92233
57493
80449
48661
68899
48673
57503
48677
80471
92237
48679
68903
57527
48731
48733
80473
68909
57529
92243
48751
48757
57557
68917
80489
48761
92251
48767
57559
68927
48779
80491
57571
48781
92269
48787
68947
57587
48799
80513
48809
68963
92297
57593
48817
48821
80527
57601
68993
48823
92311
48847
57637
80537
48857
69001
48859
57641
92317
48869
80557
69011
48871
57649
48883
69019
92333
48889
80567
57653
48907
69029
48947
57667
80599
92347
48953
48973
57679
69031
48989
80603
92353
48991
57689
69061
49003
80611
57697
49009
69067
92357
49019
57709
49031
80621
69073
49033
57713
92363
49037
80627
49043
69109
57719
49057
92369
49069
57727
69119
80629
49081
49103
57731
69127
92377
49109
80651
49117
57737
69143
49121
92381
57751
80657
49123
49139
69149
57773
49157
80669
92383
49169
69151
57781
49171
80671
49177
57787
69163
92387
49193
49199
57791
80677
69191
49201
92399
49207
57793
49211
69193
80681
57803
49223
92401
49253
69197
57809
49261
80683
49277
92413
69203
57829
49279
80687
49297
57839
69221
49307
92419
49331
80701
57847
49333
69233
49339
57853
92431
80713
49363
69239
49367
57859
49369
92459
80737
69247
49391
57881
49393
69257
49409
57899
80747
92461
49411
57901
49417
69259
80749
49429
92467
57917
49433
69263
49451
80761
57923
49459
92479
69313
49463
57943
80777
49477
69317
49481
57947
92489
49499
80779
49523
69337
57973
49529
92503
49531
80783
57977
69341
49537
49547
57991
92507
69371
80789
49549
58013
49559
69379
49597
80803
92551
58027
49603
69383
49613
58031
80809
49627
92557
49633
69389
58043
49639
80819
49663
69401
58049
92567
49667
80831
49669
58057
69403
49681
92569
49697
58061
80833
69427
49711
49727
58067
92581
69431
80849
49739
58073
49741
69439
49747
92593
80863
58099
49757
49783
69457
58109
49787
80897
92623
49789
69463
58111
49801
80909
49807
92627
58129
69467
49811
49823
80911
58147
69473
49831
92639
49843
58151
80917
69481
49853
49871
58153
92641
49877
69491
80923
49891
58169
49919
92647
69493
58171
80929
49921
49927
69497
58189
49937
92657
80933
49939
58193
49943
69499
49957
80953
92669
58199
49991
69539
49993
58207
80963
49999
69557
58211
80989
69593
58217
92681
58229
69623
81001
92683
58231
69653
81013
58237
92693
69661
81017
58243
69677
92699
58271
81019
69691
58309
92707
81023
58313
69697
58321
92717
81031
69709
58337
81041
69737
92723
58363
69739
81043
58367
92737
58369
69761
81047
92753
58379
69763
81049
58391
69767
92761
81071
58393
69779
92767
58403
81077
69809
58411
92779
81083
69821
58417
58427
92789
69827
81097
58439
69829
81101
92791
58441
69833
58451
81119
92801
69847
58453
81131
69857
92809
58477
81157
58481
69859
92821
58511
81163
69877
58537
92831
69899
81173
58543
92849
69911
58549
81181
69929
58567
92857
81197
58573
69931
81199
92861
58579
69941
58601
81203
92863
69959
58603
81223
69991
92867
58613
69997
81233
58631
92893
70001
58657
81239
58661
92899
70003
81281
58679
70009
92921
58687
81283
70019
58693
92927
81293
70039
58699
81299
92941
70051
58711
58727
81307
70061
92951
58733
70067
81331
58741
92957
70079
58757
81343
92959
70099
58763
81349
70111
58771
92987
81353
58787
70117
92993
81359
58789
70121
58831
81371
93001
70123
58889
70139
81373
93047
58897
70141
58901
81401
93053
58907
70157
81409
58909
93059
70163
58913
81421
70177
93077
58921
81439
70181
58937
93083
81457
70183
58943
93089
58963
70199
81463
58967
70201
93097
81509
58979
70207
58991
93103
81517
70223
58997
81527
93113
70229
59009
81533
59011
70237
93131
59021
81547
70241
93133
59023
70249
81551
59029
93139
70271
81553
59051
93151
70289
59053
81559
59063
70297
93169
81563
59069
70309
59077
81569
93179
70313
59083
81611
70321
93187
59093
70327
81619
59107
93199
70351
59113
81629
93229
59119
70373
81637
59123
70379
93239
81647
59141
70381
93241
59149
81649
70393
59159
93251
81667
70423
59167
81671
59183
70429
93253
59197
70439
81677
93257
59207
70451
81689
59209
93263
70457
59219
81701
70459
93281
59221
81703
70481
59233
93283
81707
59239
70487
93287
59243
81727
70489
59263
70501
93307
81737
59273
70507
59281
81749
93319
70529
59333
81761
93323
59341
70537
81769
59351
93329
70549
59357
81773
70571
93337
59359
81799
70573
59369
93371
59377
70583
81817
59387
93377
70589
81839
59393
70607
93383
81847
59399
70619
59407
93407
81853
59417
70621
93419
81869
59419
70627
59441
81883
93427
70639
59443
81899
70657
93463
59447
70663
81901
59453
93479
70667
59467
81919
59471
70687
93481
81929
59473
70709
93487
59497
81931
70717
59509
93491
81937
70729
59513
93493
81943
70753
59539
59557
70769
81953
93497
59561
70783
81967
93503
59567
70793
81971
59581
93523
70823
59611
81973
70841
59617
93529
82003
59621
70843
93553
59627
82007
70849
59629
93557
70853
82009
59651
70867
93559
82013
59659
70877
59663
93563
82021
59669
70879
82031
93581
59671
70891
59693
82037
93601
70901
59699
82039
70913
59707
93607
82051
70919
59723
93629
59729
70921
82067
59743
93637
70937
82073
59747
70949
93683
59753
82129
70951
59771
93701
82139
70957
59779
82141
93703
59791
70969
59797
82153
70979
93719
59809
70981
82163
59833
93739
70991
82171
59863
93761
70997
59879
82183
70999
59887
93763
82189
59921
71011
93787
59929
82193
71023
59951
93809
82207
71039
59957
93811
71059
82217
59971
59981
71069
82219
93827
59999
71081
82223
93851
60013
71089
82231
60017
93871
71119
60029
82237
71129
60037
93887
82241
60041
71143
93889
60077
82261
71147
60083
93893
71153
82267
60089
71161
93901
60091
82279
71167
60101
82301
93911
71171
60103
82307
93913
60107
71191
60127
82339
71209
93923
60133
82349
71233
60139
93937
71237
82351
60149
93941
60161
71249
82361
60167
93949
71257
82373
60169
71261
93967
82387
60209
71263
60217
82393
93971
71287
60223
82421
93979
71293
60251
82457
71317
60257
93983
60259
71327
82463
93997
60271
71329
82469
60289
71333
94007
82471
60293
71339
60317
94009
82483
71341
60331
94033
82487
71347
60337
82493
60343
71353
94049
60353
71359
82499
94057
60373
71363
82507
60383
94063
71387
82529
60397
71389
94079
60413
82531
71399
60427
94099
82549
71411
60443
82559
94109
60449
71413
60457
71419
82561
94111
60493
71429
82567
60497
94117
71437
60509
82571
94121
71443
60521
82591
71453
60527
94151
82601
60539
71471
94153
60589
82609
71473
60601
94169
82613
71479
60607
71483
82619
94201
60611
71503
60617
82633
94207
71527
60623
82651
94219
60631
71537
82657
60637
71549
94229
60647
82699
71551
60649
94253
82721
71563
60659
94261
71569
82723
60661
71593
60679
82727
94273
60689
71597
82729
94291
60703
71633
82757
60719
94307
71647
60727
82759
71663
94309
60733
82763
71671
60737
94321
60757
82781
71693
94327
60761
71699
82787
60763
94331
71707
82793
60773
71711
60779
94343
82799
60793
71713
94349
82811
60811
71719
60821
82813
94351
71741
60859
82837
71761
94379
60869
71777
82847
60887
94397
71789
60889
82883
94399
60899
71807
82889
60901
71809
94421
82891
60913
71821
94427
60917
82903
71837
60919
94433
82913
71843
60923
82939
71849
60937
94439
60943
71861
82963
94441
60953
71867
82981
60961
94447
71879
82997
61001
71881
94463
61007
83003
71887
61027
94477
83009
61031
71899
94483
61043
83023
71909
61051
71917
94513
83047
61057
71933
83059
94529
61091
71941
61099
83063
94531
71947
61121
83071
94541
61129
71963
83077
61141
71971
94543
61151
83089
71983
61153
94547
83093
71987
61169
94559
61211
71993
83101
61223
94561
71999
83117
61231
72019
94573
83137
61253
72031
61261
94583
83177
72043
61283
83203
94597
72047
61291
61297
83207
72053
94603
61331
72073
83219
94613
61333
72077
83221
61339
94621
72089
83227
61343
72091
94649
61357
83231
72101
61363
94651
83233
72103
61379
83243
61381
94687
72109
61403
72139
83257
94693
61409
72161
83267
61417
94709
72167
61441
83269
94723
72169
61463
83273
61469
72173
94727
83299
61471
72211
94747
61483
83311
72221
61487
94771
83339
72223
61493
72227
83341
94777
61507
72229
83357
61511
94781
72251
61519
83383
94789
61543
72253
83389
61547
72269
94793
61553
83399
72271
94811
61559
83401
72277
61561
94819
72287
83407
61583
61603
94823
72307
83417
61609
72313
94837
83423
61613
72337
61627
83431
94841
72341
61631
83437
94847
72353
61637
83443
72367
61643
94849
83449
61651
72379
94873
61657
72383
83459
61667
94889
72421
83471
61673
72431
94903
61681
83477
72461
61687
94907
83497
61703
72467
83537
94933
61717
72469
61723
83557
72481
94949
61729
83561
72493
94951
61751
72497
83563
61757
94961
72503
61781
83579
94993
61813
72533
83591
61819
72547
94999
83597
61837
72551
61843
95003
83609
72559
61861
83617
95009
72577
61871
72613
83621
61879
95021
61909
72617
83639
95027
61927
72623
83641
61933
95063
72643
61949
83653
72647
95071
61961
83663
72649
61967
95083
83689
61979
72661
95087
61981
83701
72671
61987
95089
72673
83717
61991
72679
95093
62003
83719
72689
62011
83737
95101
62017
72701
83761
95107
62039
72707
62047
83773
72719
95111
62053
83777
72727
62057
95131
72733
83791
62071
95143
62081
72739
83813
62099
95153
72763
83833
62119
72767
95177
62129
83843
72797
62131
95189
83857
72817
62137
83869
95191
72823
62141
62143
83873
95203
72859
62171
72869
83891
95213
62189
72871
83903
62191
95219
72883
62201
83911
95231
72889
62207
83921
62213
72893
95233
83933
62219
72901
95239
62233
83939
72907
62273
95257
83969
72911
62297
72923
83983
95261
62299
72931
62303
83987
95267
72937
62311
84011
95273
62323
72949
84017
62327
72953
95279
62347
84047
72959
62351
95287
84053
72973
62383
95311
72977
84059
62401
72997
62417
95317
84061
62423
73009
84067
95327
62459
73013
84089
62467
95339
73019
62473
84121
73037
95369
62477
84127
73039
62483
95383
84131
73043
62497
95393
73061
62501
84137
95401
73063
84143
95413
73079
84163
95419
73091
84179
95429
73121
95441
84181
73127
95443
84191
73133
95461
73141
84199
95467
73181
95471
84211
73189
95479
84221
95483
73237
84223
95507
73243
84229
95527
73259
84239
95531
73277
95539
84247
73291
95549
73303
84263
95561
73309
84299
95569
73327
84307
95581
73331
95597
84313
73351
95603
84317
73361
95617
84319
73363
95621
84347
73369
95629
73379
95633
84349
95651
73387
84377
95701
73417
84389
95707
73421
84391
95713
73433
95717
84401
73453
95723
84407
73459
95731
84421
73471
95737
73477
84431
95747
73483
84437
95773
73517
95783
84443
73523
95789
84449
73529
95791
84457
95801
73547
95803
84463
73553
95813
73561
84467
95819
73571
84481
95857
73583
84499
95869
73589
84503
95873
73597
95881
84509
73607
95891
84521
95911
73609
95917
84523
73613
95923
73637
84533
95929
73643
84551
95947
73651
95957
84559
95959
73673
84589
95971
73679
95987
84629
73681
95989
84631
73693
96001
84649
73699
96013
96017
73709
84653
96043
73721
84659
96053
73727
96059
84673
73751
96079
84691
96097
73757
84697
96137
73771
96149
84701
73783
96157
84713
73819
96167
96179
73823
84719
96181
73847
84731
96199
73849
96211
84737
73859
96221
84751
96223
73867
84761
96233
73877
96259
84787
73883
96263
73897
84793
96269
96281
73907
84809
96289
73939
84811
96293
73943
96323
84827
73951
96329
84857
96331
73961
96337
84859
73973
96353
84869
73999
96377
74017
84871
96401
74021
96419
84913
96431
74027
84919
96443
74047
84947
96451
74051
96457
84961
74071
96461
84967
96469
74077
96479
84977
74093
96487
74099
84979
96493
74101
96497
84991
74131
96517
85009
96527
74143
85021
96553
74149
96557
85027
74159
96581
85037
74161
96587
96589
85049
74167
96601
74177
85061
96643
74189
85081
96661
74197
96667
85087
74201
96671
85091
96697
74203
85093
96703
74209
96731
85103
74219
96737
85109
74231
96739
96749
74257
85121
96757
74279
85133
96763
74287
85147
96769
74293
96779
85159
74297
96787
85193
96797
74311
96799
85199
74317
96821
74323
85201
96823
74353
96827
85213
96847
74357
85223
96851
74363
85229
96857
74377
96893
85237
74381
96907
85243
96911
74383
96931
85247
74411
96953
74413
85259
96959
74419
85297
96973
74441
96979
85303
96989
74449
85313
96997
74453
97001
85331
74471
97003
85333
74489
97007
97021
85361
74507
97039
74509
85363
97073
74521
85369
97081
74527
97103
85381
97117
74531
85411
97127
74551
97151
85427
74561
97157
85429
74567
97159
85439
97169
74573
97171
74587
85447
97177
74597
85451
97187
74609
97213
85453
74611
97231
85469
97241
74623
85487
97259
74653
97283
85513
74687
97301
85517
74699
97303
97327
74707
85523
97367
74713
85531
97369
74717
97373
85549
74719
97379
85571
97381
74729
85577
97387
74731
97397
85597
74747
97423
85601
74759
97429
97441
74761
85607
97453
74771
85619
97459
74779
97463
85621
74797
97499
85627
97501
74821
85639
97511
74827
97523
85643
74831
97547
85661
74843
97549
74857
97553
85667
97561
74861
85669
97571
74869
85691
97577
74873
97579
85703
74887
97583
85711
97607
74891
97609
85717
74897
97613
85733
74903
97649
74923
85751
97651
74929
97673
85781
97687
74933
85793
97711
74941
97729
85817
74959
85819
97777
85829
97787
85831
97789
85837
97813
85843
97829
85847
97841
85853
97843
85889
97847
85903
97849
85909
97859
85931
97861
85933
97871
85991
97879
85999
97883
86011
97919
86017
97927
86027
97931
86029
97943
86069
97961
86077
97967
86083
97973
86111
97987
86113
98009
86117
98011
86131
98017
86137
98041
86143
98047
86161
98057
86171
98081
86179
98101
86183
98123
86197
98129
86201
98143
86209
98179
86239
98207
86243
98213
86249
98221
86257
98227
86263
98251
86269
98257
86287
98269
86291
98297
86293
98299
86297
98317
86311
98321
86323
98323
86341
98327
86351
98347
86353
98369
86357
98377
86369
98387
86371
98389
86381
98407
86389
98411
86399
86413
98419
86423
98429
86441
98443
86453
98453
86461
98459
86467
98467
86477
98473
86491
86501
98479
86509
98491
86531
98507
86533
98519
86539
98533
86561
98543
86573
98561
86579
98563
86587
86599
98573
86627
98597
86629
98621
86677
98627
86689
98639
86693
98641
86711
98663
86719
86729
98669
86743
98689
86753
98711
86767
98713
86771
98717
86783
98729
86813
98731
86837
86843
98737
86851
98773
86857
98779
86861
98801
86869
98807
86923
98809
86927
98837
86929
86939
98849
86951
98867
86959
98869
86969
98873
86981
98887
86993
98893
87011
98897
87013
98899
87037
87041
98909
87049
98911
87071
98927
87083
98929
87103
98939
87107
98947
87119
98953
87121
87133
98963
87149
98981
87151
98993
87179
98999
87181
99013
87187
99017
87211
99023
87221
99041
87223
87251
99053
87253
99079
87257
99083
87277
99089
87281
99103
87293
99109
87299
99119
87313
87317
99131
87323
99133
87337
99137
87359
99139
87383
99149
87403
99173
87407
99181
87421
87427
99191
87433
99223
87443
99233
87473
99241
87481
99251
87491
99259
99277
99289
99317
99347
99349
99367
99371
99377
99391
99397
99401
99409
99431
99439
99469
99487
99497
99523
99527
99529
99551
99559
99563
99571
99577
99581
99607
99611
99623
99643
99661
99667
99679
99689
99707
99709
99713
99719
99721
99733
99761
99767
99787
99793
99809
99817
99823
99829
99833
99839
99859
99871
99877
99881
99901
99907
99923
99929
99961
99971
99989
99991
